patient_id,actual,predicted,predicted_probability
1002551,0,0,0.15952578871561776
1005226,0,1,0.6879526309020159
1009285,0,0,0.053473479879894883
1000359,0,0,0.17822387120197208
1001421,0,0,0.06375347830136763
1007043,0,0,0.3642791407844683
1004713,1,1,0.9301799395019937
1003281,0,0,0.06825750544341244
1005013,1,1,0.8502164377252449
1003591,0,0,0.1943484521923593
1008056,0,0,0.2698599348540314
1007901,0,0,0.34251303606386563
1004492,0,0,0.44981825978822454
1003972,0,0,0.41749073363384576
1004963,0,0,0.25574740791138767
1001514,0,0,0.030058197312080166
1003785,0,0,0.1009115818085976
1006584,1,1,0.83829021641775
1009801,0,0,0.20775160880119717
1008848,0,0,0.25974069458983784
1005678,0,0,0.27359524837863763
1009598,0,0,0.083184787901831
1008091,0,0,0.3324830016433205
1001412,0,0,0.2902736139718712
1005040,0,0,0.22194298184473962
1001707,1,1,0.8651228714014396
1009901,0,0,0.25067555939015845
1003319,1,1,0.7073858516275783
1006361,0,0,0.17818107634900945
1006055,0,0,0.20192872380158416
1009075,0,0,0.08521742898470898
1008671,0,0,0.27370800458334316
1004014,0,0,0.0700489737329596
1005980,0,0,0.26027557845368526
1003047,0,0,0.24975240110390537
1008548,0,1,0.6698232810315082
1004729,0,1,0.6233612588337383
1002563,0,0,0.0652634359632033
1002829,0,0,0.2928464667744702
1004903,0,0,0.16822740963272745
1005354,0,1,0.6340624359972984
1004238,0,0,0.03233144618937626
1004926,0,1,0.6013072805646268
1004287,0,1,0.6548743916085353
1008204,1,1,0.7784315385249456
1000616,0,0,0.1086365693882361
1005870,0,0,0.10052437188853096
1008390,0,0,0.0692235277212749
1008949,0,0,0.0658123445135472
1003110,0,0,0.06288184166792744
1004345,1,1,0.8444487122751375
1004670,0,0,0.07305533815343528
1007330,1,1,0.8024662148577008
1003473,0,0,0.2446302534315498
1008745,0,0,0.23211449197811246
1004958,0,0,0.20976934528883362
1001394,1,1,0.8560945185072993
1003707,0,0,0.3174106496030244
1007531,1,0,0.4636248381245022
1007763,0,0,0.06220778140440684
1003542,0,1,0.7426332454280453
1006254,0,0,0.2502445841179476
1002476,0,0,0.3805302064989313
1008494,0,0,0.2330258205464566
1003599,0,1,0.5694220314387407
1008910,0,0,0.16960372859690434
1003639,0,0,0.3496254597254244
1005242,0,0,0.20818918552322463
1005903,0,0,0.2516606638554827
1006381,0,0,0.48592351904859293
1006342,0,0,0.1515082254008433
1008924,0,0,0.4837887619776617
1008322,0,0,0.13367516753815045
1009115,1,1,0.5725003454835775
1000334,0,0,0.16920575811057853
1004833,0,0,0.4897587751501346
1008444,0,0,0.12596889337138725
1002350,0,0,0.030421997920946745
1001837,0,0,0.2299685819729213
1004627,0,0,0.2696467981711621
1005686,0,0,0.041581712227167306
1004132,0,0,0.10055151774309196
1006751,0,0,0.03458479408233952
1004482,0,0,0.25268376456513997
1006075,0,1,0.7438415833702868
1008750,0,1,0.5406011513712986
1003400,1,1,0.5217559041390256
1007956,0,0,0.043898131502044004
1006975,0,0,0.08098818280839057
1001034,0,0,0.41373501799287227
1008239,0,0,0.17824069282596952
1009635,0,1,0.5372914974299052
1005216,1,1,0.8442665945007012
1002158,1,1,0.6320486287239895
1008437,0,0,0.17472877874455695
1004099,0,0,0.11615118177756951
1009976,0,0,0.1839044033789878
1008178,0,0,0.06817675397726475
1007334,0,1,0.6719377089335401
1004338,0,1,0.5745019632518337
1007109,0,0,0.13401770002866847
1000915,1,1,0.875367170849209
1006946,0,0,0.06297788749616907
1004764,0,0,0.20402913673485334
1009542,0,0,0.1924411974827495
1003770,0,0,0.24115594508120536
1006428,0,0,0.21285792320700697
1006297,0,0,0.19377227019747328
1008205,1,1,0.8984541453092221
1008347,0,0,0.08941169659730178
1004625,0,0,0.12496624699862079
1005993,1,1,0.6738409960135419
1003441,0,0,0.27722902229270086
1008543,0,0,0.329993672307238
1001762,0,0,0.22251507720654876
1005315,0,0,0.1536649269317878
1003971,0,0,0.13250545088363816
1002029,0,0,0.07589812603238828
1004513,0,0,0.21197802522845183
1003556,1,1,0.8519106328270076
1004827,0,0,0.20364487104082896
1004147,0,0,0.1240912062959389
1009213,0,0,0.21431505048319133
1005200,0,0,0.48396867667271276
1009662,0,0,0.317738329379291
1005523,0,0,0.3888080691576723
1000185,0,0,0.1798863856587815
1004789,0,0,0.13068068315629794
1001215,0,0,0.4823785901064573
1002635,0,0,0.033617229463497385
1007991,0,1,0.6407626466829033
1004300,0,0,0.1912363996472861
1006653,0,0,0.46223681196427685
1004148,0,1,0.721763555537392
1006607,0,0,0.023814437488019462
1002496,0,1,0.6020657045586396
1000094,0,0,0.07556376298458087
1004473,0,0,0.026356705672344317
1007625,1,1,0.9353965799929913
1004820,0,0,0.021221745059324008
1003766,0,1,0.5548044969246976
1006463,0,0,0.40614594316399183
1009152,1,1,0.8597924375519717
1006521,0,0,0.29679529735013616
1009478,1,1,0.8487498297879713
1007117,0,0,0.08185667190626432
1009312,0,1,0.5486726292569216
1004041,0,0,0.2683910741827796
1008451,0,0,0.16941511050131683
1003440,0,1,0.753948636506366
1001019,1,1,0.788752764994355
1003371,0,0,0.24338198419794585
1004432,1,1,0.7167067648404705
1006208,1,1,0.7885313972473228
1001260,0,0,0.09561282951778317
1001767,0,0,0.41265113038210277
1002490,0,0,0.28336698544033045
1001098,0,0,0.16060011929960075
1000148,0,0,0.07990438149503357
1002600,0,0,0.26503791935517784
1004540,0,0,0.22395601655609035
1003234,0,0,0.06254657477147782
1001389,1,1,0.8865466649116299
1005855,0,0,0.03587449413680472
1007971,0,0,0.20384222541298513
1000599,0,1,0.7511793442168457
1009507,1,1,0.6758972585728478
1004587,0,0,0.1938421543742833
1002416,1,1,0.6737325079771526
1004888,0,0,0.04886777550516643
1008569,0,0,0.19465106846608649
1005115,0,0,0.023668912216705026
1004946,1,1,0.8652808871359844
1001626,0,0,0.12680206784946488
1003533,0,0,0.2580122610825977
1002944,0,0,0.06079413075318896
1007516,0,0,0.0711719349509348
1002445,0,0,0.2966209385408155
1006676,0,0,0.09166678907035862
1009185,0,0,0.18685376439139442
1004645,0,0,0.05962305576403278
1005347,0,0,0.1444240479277381
1008692,0,0,0.46444828960252377
1009605,1,1,0.7863511798518199
1001463,0,0,0.26105476505017416
1005235,0,0,0.07977045928406865
1006138,0,0,0.29297123504269273
1000110,0,0,0.4911449995908055
1008097,0,1,0.6626993082815751
1009919,0,0,0.22531979683753545
1003856,0,0,0.47032314208643256
1008808,0,1,0.6137965918078602
1004514,1,1,0.6072594308517852
1004644,0,0,0.12466840686883236
1008819,1,1,0.8324670455932682
1006098,1,1,0.6271416122287999
1005098,1,1,0.5920616207607245
1006970,0,0,0.23383992677244486
1007125,0,0,0.14194452424161783
1006534,0,0,0.1153485488775689
1004721,0,0,0.14305553629130055
1002790,0,0,0.07513432446372675
1007364,0,0,0.2660605087816259
1008047,0,0,0.07748000857478592
1009423,0,0,0.48713221194179623
1000698,0,0,0.47763802907504366
1002003,0,0,0.24847335440395418
1002294,0,0,0.0711748086297874
1009950,1,0,0.49833500959494953
1000187,0,0,0.07101842841712004
1008175,1,0,0.29956121029015215
1009823,0,0,0.10206750963033552
1004110,0,0,0.18542677587836362
1007404,0,0,0.08459210153901021
1009360,0,0,0.08750505006040364
1000960,0,0,0.4049801865871676
1000604,0,0,0.17696027622109442
1002750,0,0,0.20905396557640632
1009613,1,1,0.6032449516263311
1006253,0,0,0.25556462539568553
1000763,0,1,0.504703594132535
1007142,0,0,0.1142081634656223
1001037,1,1,0.647863005966695
1008116,0,0,0.20193978856069345
1005368,0,1,0.5666614348782404
1007082,0,1,0.5897376459281574
1004554,0,0,0.07764570835179144
1000595,0,0,0.28090107176927315
1008783,0,0,0.4760618578013613
1001862,0,0,0.3655818065785576
1004989,0,0,0.24957789736354324
1004504,0,0,0.2665682184775336
1000591,0,0,0.051591460820229425
1009574,0,0,0.1930194489278181
1003174,0,0,0.01977412476620833
1007252,0,0,0.24384897786586723
1009091,0,0,0.2288091546343435
1001164,1,1,0.6332189764111311
1003942,0,0,0.3165698435682534
1002395,0,0,0.1255821238013506
1009112,0,0,0.09571555355807423
1001789,0,1,0.5047651221552067
1004892,1,1,0.872680272438782
1004788,0,1,0.6409818606262911
1009538,0,0,0.19527905217169722
1008103,0,0,0.3469627755700949
1003520,1,1,0.5238636857301084
1009890,0,0,0.029858964318650223
1006478,0,0,0.22637172263533928
1008227,1,1,0.7413512006921205
1001428,0,0,0.19118471311967988
1001340,1,1,0.6586602206416331
1003764,1,1,0.8706664517750001
1001173,1,1,0.8782568835210155
1004703,0,0,0.20257216285633178
1008020,1,1,0.727893851433755
1006141,0,1,0.5007038633351262
1002841,0,0,0.21014472336714862
1007972,0,0,0.06035951059531878
1005222,0,0,0.027451256991682122
1004450,0,0,0.0636410571774351
1009482,0,1,0.5513771132346196
1004444,0,0,0.05950335643291107
1006951,0,0,0.26516059092240585
1004250,0,0,0.4657704152530439
1001913,0,0,0.21703640957387985
1003342,0,1,0.6407975689955092
1003163,1,1,0.7735733951258063
1007248,1,1,0.7061762652964503
1000791,0,0,0.21219582947206816
1003044,0,1,0.5391038807227871
1005156,1,1,0.5675297922836503
1003901,0,0,0.06375112648768556
1006157,0,0,0.022462683687965525
1007157,0,0,0.19781582947881618
1004629,0,0,0.23126651031438036
1001861,0,0,0.1288473269962556
1007670,0,0,0.0836600793973524
1003536,0,0,0.3047810627958253
1001596,0,1,0.5501163032633928
1004206,0,0,0.11871383561070475
1007797,0,0,0.02992337254304976
1006555,0,0,0.20875521184060633
1004115,0,1,0.5780766204003454
1003896,0,0,0.14426578181089614
1009715,0,0,0.07218449640560902
1002905,0,0,0.046021705181240886
1002514,1,1,0.6927670780916013
1001376,0,0,0.28053486718145926
1008772,0,0,0.208839528104551
1002250,0,0,0.09301397772781207
1002747,1,1,0.7916240345484727
1001153,0,0,0.33924669729607343
1001764,0,0,0.032273721776768106
1001116,0,0,0.30031354577682645
1000910,0,0,0.12228699382986667
1009696,0,0,0.2522274517358918
1001493,0,0,0.2685987521089777
1001168,0,1,0.5694749715852049
1008092,0,0,0.28491203401138593
1001323,0,0,0.26938008449285117
1004649,0,0,0.22958273893806327
1000232,0,0,0.2129190475867681
1006318,0,0,0.14953960132208027
1007000,0,1,0.6762078979021736
1004490,1,1,0.7660527772014027
1005600,0,0,0.22986632009316962
1004878,0,0,0.12509930110013673
1006910,0,0,0.13954164551090784
1008595,0,0,0.04523468497836583
1005237,0,0,0.031166407182625616
1005301,0,1,0.5848497755910874
1001653,0,0,0.07728397942405157
1007178,0,0,0.25759463539699784
1005053,0,0,0.13608785824958888
1002006,0,0,0.15112019851505668
1006621,0,0,0.23743023291510623
1008833,0,0,0.04909088236360486
1000772,0,0,0.2856825500529295
1009195,0,0,0.13433195561009512
1000431,0,0,0.2441474786313245
1001262,0,0,0.1682010335885391
1004690,0,0,0.045088436397354
1004532,0,1,0.7360618567070487
1009428,0,1,0.6456910128361609
1008955,0,0,0.2104116267755008
1003728,1,1,0.8708307115466415
1004399,0,0,0.12621935623974306
1004150,1,1,0.8051646346549942
1001572,0,0,0.19499598420264466
1007336,1,1,0.7519889101816736
1004895,0,0,0.45192464860236553
1004109,0,0,0.2798948909418882
1004254,0,1,0.612473483020162
1009780,0,0,0.21370674462813824
1006749,0,0,0.1432448658083594
1000866,0,1,0.6766145123188514
1008436,0,0,0.1872859207308204
1008570,1,1,0.9019522980603131
1009667,0,0,0.06949072281153258
1004217,0,0,0.1475277693463183
1005231,0,1,0.5282724668795278
1001632,0,0,0.25343134849543086
1004181,0,0,0.07267756346892626
1005020,0,0,0.08953517616806159
1002821,0,0,0.3730158885411524
1002667,0,0,0.3831974126573993
1006325,0,1,0.7880857696389082
1008921,0,0,0.048959123894667965
1007418,0,1,0.7716046583461642
1006867,0,1,0.7121513628274506
1007544,0,0,0.04997182023346624
1001250,0,0,0.17381501781363762
1000860,0,0,0.2400194651309463
1007379,1,1,0.5510281284270775
1007983,1,1,0.5522338429494559
1007400,0,0,0.41191828757455695
1000848,0,1,0.5996810604979512
1000023,0,1,0.6689971394118627
1002806,0,0,0.2695876128864766
1007966,0,0,0.32978566324244374
1008071,0,0,0.05536616474337173
1003043,0,0,0.25204475755308153
1003145,0,0,0.41610715731152287
1005710,0,0,0.07467466337984302
1002067,0,0,0.18302396806786775
1002399,0,0,0.19974937424578884
1005808,0,0,0.02713089085415803
1000902,0,0,0.136218085329566
1006754,0,1,0.7112202733624231
1004621,0,1,0.7625374805335593
1004139,0,0,0.40822842161915013
1008733,0,0,0.11352450313641702
1005337,1,0,0.38871155858196454
1008853,0,0,0.04740099940986294
1007867,0,0,0.24903686963869573
1000912,0,0,0.20929048262828306
1003347,0,0,0.18532226824068548
1004425,0,0,0.2516790559620141
1008371,1,1,0.5157868065336431
1007467,0,0,0.08722429467717827
1005481,1,0,0.4952174262972269
1007503,0,1,0.5950416051550242
1009071,0,1,0.5691429039998366
1001273,0,0,0.12458532514724331
1009492,0,0,0.19527981075836295
1007786,0,0,0.28360814647157967
1004494,0,0,0.01843725347185864
1008225,0,0,0.06534855629717715
1002882,0,0,0.3486218938971755
1009727,1,1,0.8909212535789311
1008746,0,0,0.28722619550025996
1003119,0,1,0.5959249606536958
1006855,0,0,0.27114604914201446
1003133,0,0,0.18980817020145868
1002828,0,0,0.45480397806831824
1000756,0,0,0.2806745817839668
1004251,1,1,0.742530790593146
1001469,0,0,0.2866552872863847
1007814,0,0,0.4374843764504791
1004659,0,0,0.31882266692806055
1006319,1,1,0.6264616916639297
1009244,0,0,0.20981396568860378
1008721,0,0,0.3624254812433454
1009136,0,0,0.2032335646949963
1000301,0,1,0.5319135326290463
1005445,0,0,0.101242892854555
1006413,0,0,0.21495603584618952
1008253,0,1,0.7121691356660751
1005384,0,0,0.19484068749332953
1003621,0,0,0.2800126291589803
1008858,0,0,0.21094314324500668
1006627,1,1,0.6221394971718612
1006287,1,1,0.7528149001328202
1003008,0,0,0.23803630502734233
1006418,1,0,0.4028648443412994
1004375,1,1,0.7554642379947204
1009014,0,0,0.47246303681427876
1005917,0,0,0.25927481960245347
1000083,0,1,0.580233748348936
1005689,0,0,0.08679634329057521
1008787,0,0,0.2767848033157862
1002335,0,0,0.05858194383652694
1000546,0,0,0.25342975630215936
1000976,1,1,0.7205696401625972
1005510,0,0,0.035771578260191055
1007992,0,0,0.06934356422153236
1000556,1,1,0.805402705915084
1005143,0,0,0.1116490256723436
1009168,0,0,0.04890522071156546
1007302,0,0,0.10296478525148393
1004442,0,0,0.47026419066432235
1006332,0,0,0.04944838458089084
1002516,0,0,0.2984671566281671
1007577,0,0,0.3598734654221247
1008280,0,0,0.22330372213897562
1003227,0,0,0.13461134112621906
1008978,0,0,0.43944779883315416
1009502,0,0,0.4846305085741071
1000898,1,1,0.8958423919751585
1009318,0,0,0.17305664327072612
1003936,0,0,0.08215181556426057
1009537,0,0,0.10327697935246892
1003271,0,0,0.37161303418681496
1007203,0,0,0.22190140122720428
1008761,0,1,0.6179102505895872
1000204,0,0,0.040314037118905174
1007943,1,1,0.6519814794775507
1007417,0,0,0.18255618221265452
1009793,0,0,0.022259489807418927
1003629,0,0,0.16366872988632222
1007843,1,1,0.5903358499431269
1006349,1,0,0.49678916009091706
1002573,0,0,0.02804379477053507
1005246,0,0,0.061127829186580655
1000049,0,0,0.3914284152566312
1001099,1,0,0.19762383528096497
1003719,1,1,0.9063772575614275
1001065,0,0,0.2489395571194397
1001385,0,0,0.14047905934552854
1003277,1,1,0.6809985152729224
1007441,0,0,0.057959816438155384
1003883,0,0,0.3088079945093507
1007464,0,1,0.5934457899485541
1006359,1,1,0.6933471279355818
1004094,1,0,0.46803216176432116
1004149,0,0,0.10511965394751935
1008703,0,0,0.19507130595180644
1009974,0,0,0.40388054036090637
1000566,1,0,0.49746064758444386
1003144,0,0,0.21319802349137626
1008123,0,0,0.253382487917017
1008771,0,0,0.1751249030967005
1000008,0,0,0.15947087855348935
1007667,0,0,0.32111698598451704
1008852,0,0,0.019735198160501254
1004354,0,0,0.20115984921472374
1002410,0,0,0.07690967367644629
1009208,0,1,0.5350095617578217
1003389,1,1,0.9023392005804224
1000287,0,0,0.1981115291459835
1009111,0,0,0.18639202889682221
1009517,1,1,0.6198164429224169
1005541,1,1,0.7654860597787502
1006119,0,0,0.15381787911171318
1007889,0,0,0.06102826383701773
1007339,1,1,0.7931189710434634
1006687,0,0,0.24557247851259836
1002442,0,0,0.018010321389135678
1007258,0,0,0.07192740220713824
1001287,1,1,0.5919697931121083
1003753,1,1,0.8692003550897438
1003990,0,1,0.5950780447556825
1009845,0,0,0.17211109498089938
1008111,0,0,0.17686359959500195
1002317,0,1,0.5678022352193449
1009611,1,1,0.8176746382039144
1005155,0,0,0.30084386519613193
1004705,0,0,0.21059513897627552
1004196,0,0,0.1488268046817471
1008005,0,0,0.08776671831395982
1003732,1,1,0.8680258320323877
1003142,0,0,0.22122106074895975
1003157,0,0,0.08554656428153871
1003687,0,0,0.061412776776560936
1004436,0,1,0.6871122215735864
1009074,0,0,0.18008100363959603
1008030,0,0,0.3010330578939405
1000875,0,0,0.16242363770744936
1002678,0,0,0.2513029043142586
1002023,0,1,0.5625060737573867
1003414,0,0,0.21303019252885522
1000343,0,0,0.2669848816180485
1002111,0,1,0.6641630839856038
1003315,0,0,0.46724842608843914
1009673,0,0,0.23044501154575778
1002032,0,0,0.47949014576951077
1001281,1,1,0.6650851634436595
1008059,0,0,0.463688967424686
1004190,1,1,0.6563780103978497
1005499,0,1,0.6088382104407296
1005330,0,0,0.22187385590706593
1004322,0,1,0.682623545570467
1002518,0,0,0.22082657335175934
1007995,0,0,0.11518207690900238
1006933,0,0,0.24004653988931363
1009344,0,0,0.19953606156659107
1008466,0,1,0.6037235925500096
1004628,1,0,0.33761657450871674
1000172,0,0,0.02560166482512839
1008514,1,1,0.745927927140389
1002899,1,1,0.7731840173215918
1006404,0,0,0.0794949783938757
1009407,0,1,0.6548902920597287
1005018,0,0,0.05718444489351899
1005885,0,0,0.48221323109396164
1006057,1,0,0.44301257741580174
1009985,0,0,0.20320463437658942
1008159,0,0,0.026993145504692104
1007915,0,0,0.17995462726319858
1004100,1,1,0.6615607442726595
1001527,1,1,0.5835717643504967
1002716,1,1,0.8664926799027489
1003889,0,0,0.06989296918967954
1005861,0,0,0.4359149667257826
1006019,0,1,0.7385123997883051
1008749,0,0,0.38165487094814493
1007637,0,0,0.2613549667272528
1003034,0,0,0.18733439813608016
1006923,0,0,0.1086944725699047
1007798,0,1,0.5977409551876944
1003887,0,1,0.57551182646166
1002572,0,1,0.5826439104854855
1005403,0,0,0.19868040099187018
1000994,0,0,0.024528880781295424
1004630,1,1,0.629681263857788
1009571,0,1,0.6711971977521347
1007039,1,1,0.6020934083122292
1009007,0,0,0.34145369739225995
1006943,0,0,0.09494457341799822
1001790,0,0,0.2943397491347505
1009781,1,1,0.524983402786956
1007935,0,1,0.5279143471363046
1004228,0,1,0.541480918952445
1006466,0,0,0.02216663454827219
1002620,0,0,0.06371102045511065
1000168,0,0,0.07897387385300596
1009269,0,0,0.15412955465634856
1004925,1,1,0.5257421285599295
1001082,0,0,0.4369643536158261
1008726,0,0,0.2603831927049256
1006539,0,0,0.19521595163590486
1006575,0,0,0.06491955980694002
1003165,0,0,0.3089527970073524
1002771,0,0,0.07594933441990834
1003929,1,1,0.6892922275789617
1008688,0,0,0.33655326921810186
1004429,0,0,0.08237253345774061
1001300,0,1,0.5476924249562167
1009909,0,0,0.15118735520575824
1004447,0,0,0.2285124909143197
1000990,0,0,0.24038510552924355
1004295,1,1,0.7118330320975702
1003014,0,0,0.13870614456341623
1005279,0,0,0.05480662229026637
1003447,0,1,0.5427111575135881
1004221,0,1,0.5974880583569321
1007119,1,1,0.7773137392206403
1007246,0,0,0.05445018815746522
1000852,0,0,0.20354629462757926
1007663,0,1,0.5979289604032153
1005777,0,0,0.22774486125659188
1008927,0,0,0.42399521498949283
1000332,0,1,0.5348354744222972
1008527,0,0,0.12308588577488667
1004162,1,0,0.3373805214251568
1000211,0,0,0.24921512098569246
1001139,0,0,0.33442845567547164
1009322,0,0,0.172092358559897
1008628,0,0,0.22280863064183687
1001618,0,0,0.2076269968900732
1002031,0,0,0.4374654517068343
1006812,0,0,0.23140618313391767
1001712,0,0,0.21682886619260672
1009506,0,0,0.20207651138021845
1008728,0,1,0.5461768689281467
1007706,0,0,0.1310581026698549
1009387,0,0,0.11409370319599232
1009913,0,0,0.06585847397611608
1003953,1,0,0.2634725849667859
1003238,0,0,0.2049959747382044
1009154,0,0,0.39774652359450563
1001973,0,0,0.4057371125883126
1006146,0,0,0.14575243350547917
1008940,0,0,0.17817956547375544
1005441,0,0,0.04995178060509386
1008994,0,0,0.2035029950644457
1007242,0,1,0.6553269110283869
1008428,0,0,0.05146375583362392
1002333,0,0,0.07353687003678722
1005461,0,0,0.03579262277037667
1009137,0,0,0.09272210189573453
1005826,0,0,0.261805702900254
1001866,1,1,0.8583516095921351
1006452,0,0,0.09171319117560368
1002561,0,0,0.024283813358275987
1007191,0,0,0.20353114399142028
1001554,0,0,0.06407483460643032
1006979,0,0,0.2808552163201225
1003325,0,0,0.1275330258397144
1006023,1,1,0.8627990679601543
1008961,0,0,0.4221056342716533
1004485,0,0,0.1861395660517143
1005716,1,1,0.5889281542342861
1003107,0,0,0.01937229644974947
1007341,1,1,0.8299021342959164
1005282,0,0,0.09828675055903538
1004483,0,1,0.5165888922780052
1005120,0,0,0.26121879173238266
1003045,0,0,0.2541109854042471
1007423,1,0,0.2725658188627216
1002502,0,1,0.5982590793993544
1005245,0,0,0.2105074332069295
1008135,1,1,0.8028122266666528
1004615,1,1,0.8199967404490152
1001950,0,0,0.07052055355112867
1007343,0,0,0.14005144961890442
1009962,0,0,0.09466572874992968
1006302,0,0,0.027333062980898683
1004089,1,1,0.8658461388123168
1001172,0,1,0.6350597317500892
1004643,0,0,0.3140177817075892
1001949,0,0,0.1932146181691756
1005054,0,0,0.4167224579148446
1004142,0,0,0.4301103798165578
1009633,0,0,0.2136183836610572
1001816,0,0,0.2705744444333066
1000744,0,0,0.43246701338275584
1006187,0,0,0.043681669649944924
1003090,0,1,0.5493781395260051
1008562,0,0,0.4330994385138653
1005027,0,0,0.4071915076269313
1004383,0,1,0.6355264558705098
1004063,0,0,0.0214320287772045
1008006,1,1,0.7433492864257031
1001995,0,0,0.047406779076893786
1007582,0,0,0.3096622224859747
1009159,0,0,0.0660640768424333
1005763,0,0,0.3691740459971303
1006204,0,0,0.14322646767473776
1005573,0,1,0.6891912575322822
1004402,1,0,0.49279668514372715
1008922,0,0,0.1964584131376534
1006546,0,0,0.06619568919913493
1008815,0,0,0.20498626675730172
1005339,0,0,0.24162584554545033
1008278,1,1,0.633169524776798
1002272,0,0,0.3215597319549483
1001938,0,0,0.05689355035933047
1004298,0,0,0.04479715859258545
1004120,0,0,0.10729463712584343
1003212,0,0,0.1975968312507278
1000307,0,0,0.2385550760425806
1005113,0,1,0.595759892433587
1009878,0,1,0.6136056296757679
1003285,0,0,0.07568774172068776
1002444,0,0,0.09668961647764052
1008323,0,0,0.2953584421647459
1003021,0,0,0.08622344498264824
1002898,0,0,0.21458268837640185
1007137,0,0,0.05262001917354988
1007525,0,0,0.1106938370884753
1003706,0,0,0.04634110525781019
1008247,1,1,0.7458588056805341
1005712,0,0,0.0782826006795468
1003596,0,0,0.25164416362052255
1001983,0,0,0.25776947463125177
1007658,0,0,0.14169489059011342
1001598,1,1,0.6761792916447327
1005575,0,1,0.5103169083492609
1002914,0,1,0.7073666847577748
1005006,0,0,0.18483162372479978
1009557,0,0,0.25493278985142187
1003401,0,0,0.07523441772056903
1007078,0,0,0.06556635854319298
1008934,0,0,0.2622078131462152
1002240,1,1,0.5378390310501254
1009550,0,1,0.6530271991874215
1000957,0,1,0.5041013565798473
1001504,0,0,0.22365029207582476
1006759,0,0,0.05396619955222573
1002672,0,1,0.5051990774725708
1008839,0,0,0.05468403030702858
1008731,1,1,0.5931968460506238
1001070,0,0,0.39060094653064553
1007730,0,0,0.3170615460172508
1009300,0,0,0.1356112589755885
1008531,0,0,0.18667159935110367
1007051,1,1,0.6384919327965396
1009894,0,1,0.6363424102073636
1000787,0,0,0.20870029793021236
1001075,0,0,0.2611218215124825
1006108,0,0,0.04894450204371458
1002992,0,0,0.21324398682435192
1001723,1,1,0.594050616973194
1003330,0,0,0.10973645968511808
1001049,0,0,0.20086894873466168
1002760,0,0,0.30524127589555533
1009907,0,0,0.04855885483023255
1008756,0,0,0.23739383153708882
1006300,0,0,0.31227337827582036
1002744,0,0,0.11444739986491967
1002993,0,0,0.20779279627958722
1001453,0,1,0.577136880036669
1008410,0,0,0.07334767766327156
1005469,1,0,0.4352916074220067
1009416,0,0,0.3045096618935806
1006125,1,1,0.5591039333067803
1003976,0,0,0.2548114449533205
1003022,0,1,0.6127861978585692
1001206,1,1,0.7436897859261489
1003892,1,1,0.8347333323644612
1004973,0,0,0.34115425152260626
1009671,0,1,0.720186600101983
1005127,0,0,0.1620319988520139
1001771,0,0,0.11405419112186187
1005239,0,0,0.25712479514459086
1007296,0,1,0.6766604751325245
1004155,0,0,0.47844057522190236
1009235,0,0,0.37026541757401216
1002288,0,1,0.5563414947718712
1008963,0,0,0.07539302465369054
1002615,0,1,0.6732531435163903
1001373,1,1,0.8032905918662622
1006849,0,0,0.06557070401417023
1004091,0,0,0.2981326571160211
1002021,1,0,0.48603740553200386
1003811,0,0,0.15504947696750795
1009010,0,0,0.02637718699328111
1005434,0,1,0.5486904974801233
1001169,0,0,0.4819420219356734
1005838,1,1,0.6626340437899513
1001085,0,0,0.3740972413200622
1001006,0,0,0.11242620129434028
1006523,1,1,0.7276610258663399
1001922,0,0,0.06643112396059854
1007493,0,1,0.6722617885877242
1003622,0,0,0.28561616976810356
1006628,0,1,0.5581462578154897
1003089,0,0,0.16228371429027633
1005093,0,1,0.5486933247244419
1004002,0,1,0.5714007668340136
1003491,0,1,0.5203541522989551
1000822,1,1,0.7720373534449732
1003983,0,0,0.1715151864492153
1006181,1,1,0.6309225621315595
1007230,0,0,0.05839457359830357
1004914,0,0,0.052937131164464545
1007202,0,1,0.6195724089221374
1006894,0,0,0.053767734531171174
1001331,0,0,0.40819881879854086
1004114,0,0,0.19620838482474023
1003568,0,0,0.2505274427556976
1004416,1,1,0.8191380540497174
1003007,0,0,0.2472737006498092
1005457,0,0,0.02426886974059667
1004863,0,0,0.3138710166202625
1003684,1,1,0.6717945574450973
1005869,0,0,0.27391326851091263
1003429,0,0,0.2275272833400653
1000425,0,0,0.3088754572595066
1008967,0,0,0.13061453403495835
1006524,0,0,0.14939589672844955
1007741,0,1,0.5763534179080176
1002348,0,0,0.3720434285686735
1006860,0,0,0.09986315503524829
1009102,0,0,0.34776042999189083
1009410,0,0,0.26228413381768767
1001857,0,0,0.32360870343196674
1009395,0,0,0.24252150506272951
1006820,0,1,0.5465976236148725
1009872,0,0,0.24550802144140668
1001624,0,0,0.14454734293581806
1005923,1,1,0.5959764761600025
1008666,0,0,0.049843073539313894
1000817,0,1,0.6016973207227729
1009059,0,0,0.05892493070856807
1007699,0,0,0.2934618078143634
1002013,0,0,0.2433569660645079
1003040,0,0,0.19266517899731708
1003331,0,0,0.03924244528047999
1008217,0,0,0.1554892673434362
1004650,0,0,0.15700284493450858
1005776,0,1,0.6373176153263579
1005664,0,0,0.1346895881256436
1009847,0,0,0.09812984745870573
1000874,1,0,0.40861624447927
1003103,0,0,0.09448040689022343
1008886,0,0,0.1385355636737807
1003427,1,0,0.2574030694942134
1006727,0,1,0.5196699753865666
1009105,0,0,0.10247455473338306
1000560,0,0,0.1912747892916046
1006439,0,0,0.2842919148013252
1003518,1,1,0.7829047658977621
1009462,0,0,0.4150557202317804
1000809,0,0,0.011730385679564283
1008996,0,1,0.5302617539250625
1004212,0,0,0.09138079077555489
1005021,0,0,0.2442657159702198
1001807,1,1,0.8086674133073217
1009250,0,0,0.0581632584114104
1008252,0,0,0.21965903913374213
1008585,0,0,0.0485436596381677
1008762,0,0,0.08509945251967906
1004065,0,0,0.40829481305585996
1005262,0,0,0.22736682033822775
1008162,1,1,0.9001053886952878
1008150,0,0,0.4488516936129369
1007590,0,0,0.08004495006662632
1007095,0,0,0.25692100358650555
1000600,1,1,0.8945089523145965
1009393,0,0,0.06443621988990801
1003463,0,0,0.39236968390452687
1001654,0,0,0.3487271997745162
1000277,1,1,0.7197396726846904
1007201,0,0,0.42684054149068984
1000736,1,1,0.8239538428296376
1007666,0,0,0.07532129052533722
1006440,1,1,0.738611966275562
1004503,0,0,0.25300643834483416
1006191,0,0,0.16261638800651448
1001714,0,0,0.1974363308398908
1001467,0,0,0.22284363830897003
1007586,0,0,0.2600572556826527
1005343,0,1,0.6475959292481693
1005275,0,0,0.49624901655893316
1006040,1,1,0.6085741344070837
1009494,0,0,0.06945140754136876
1000016,1,1,0.7565122150857745
1002539,0,0,0.03957196081063094
1003786,0,0,0.4004003390949546
1006376,0,0,0.30998324047229037
1003777,0,0,0.1925578682644677
1006071,1,1,0.7165669358957205
1003782,0,1,0.6941905926828639
1009238,0,0,0.16475889240288022
1008693,0,0,0.25657080671799
1001774,0,0,0.2251860273258519
1003243,1,1,0.643889213224089
1000984,0,1,0.5900234059427182
1007207,0,0,0.07504562266916828
1004724,0,0,0.3031266524070153
1000234,0,0,0.2584809903197875
1001782,0,0,0.4985698326660702
1005928,0,0,0.2812987160210509
1005978,0,0,0.05851600799171559
1000006,0,0,0.07799553258464625
1009798,0,0,0.2252952475537904
1003013,0,0,0.19618715879606566
1006384,0,0,0.0540081056726258
1005081,0,1,0.6325862679850212
1006195,0,0,0.21843453418030814
1008232,0,0,0.061949663347467834
1007886,0,0,0.2801235318490817
1000576,0,0,0.4863574523890961
1005509,0,0,0.21287928541922457
1009489,1,1,0.9232959490960941
1008314,0,0,0.41591258701997885
1000851,0,0,0.08307065871231104
1008441,0,1,0.5633072196358949
1008079,1,1,0.7785289976029179
1006792,0,0,0.07803738344740706
1008070,1,1,0.7355945366117883
1003867,0,0,0.05856597282836167
1001316,1,0,0.4222145833230047
1006793,1,1,0.5929876459712882
1007884,0,0,0.25585942016649244
1007827,0,0,0.10496272396943258
1008291,0,0,0.10545937903898205
1000346,0,0,0.13904686220058868
1009942,0,0,0.3257648628353643
1008235,0,0,0.12272126865701231
1002103,0,0,0.24656590043624765
1007940,0,0,0.4885167342995231
1000456,0,0,0.24212562844801938
1003118,0,0,0.08220823266752174
1004074,0,0,0.0914075736745457
1000936,0,0,0.3966331571476949
1009473,1,1,0.7590612665037408
1003195,1,1,0.6842043090729203
1007770,0,1,0.615498545030903
1003854,0,0,0.10823135522651957
1004305,1,1,0.7833911872718771
1009593,0,0,0.1933513857714292
1003723,0,0,0.06414658227972816
1008575,0,0,0.3975382554126608
1006750,1,1,0.5126541318259245
1000357,1,0,0.3609125092953154
1009792,0,0,0.41820867814184515
1006233,0,0,0.1386241388837183
1003171,0,1,0.5478447037820423
1001414,0,1,0.6256863581761598
1003346,0,0,0.1594813092386202
1007860,1,1,0.6828096632029491
1005077,0,0,0.05358343800712695
1009343,1,1,0.8648940271464813
1003633,0,1,0.5164446460248414
1002231,0,0,0.018849368659960727
1001909,0,0,0.2055866921407806
1008520,0,0,0.2166383668816183
1006041,0,0,0.3368668183073329
1005266,0,0,0.09986597621400017
1005525,0,1,0.837754683137676
1007327,1,1,0.7275496889638174
1002969,0,0,0.21123808923293258
1007118,0,0,0.12472981855148961
1004763,0,0,0.2087503508328345
1002929,0,0,0.015145988872378611
1005679,0,0,0.21522260160245588
1009730,0,0,0.028763743951713747
1004087,0,1,0.5625857695803442
1000102,1,1,0.6188186596421773
1001430,1,1,0.6333432813777112
1000596,1,1,0.7981302130622915
1005656,0,0,0.223026866180032
1001194,1,0,0.46249930008442114
1001051,0,0,0.09922633431233448
1009151,0,0,0.11765642100148671
1003607,0,0,0.2656223978695248
1002143,1,1,0.5849620394896244
1003814,0,0,0.4491729573305988
1006313,0,0,0.06304067251144999
1003136,1,1,0.8344579090390727
1003875,0,0,0.06638107657965196
1003946,0,0,0.4231714642798504
1006006,0,0,0.38569378772025475
1007268,1,0,0.27103673838587256
1000377,0,0,0.3712478613389435
1004613,1,1,0.7104812682772554
1007847,0,1,0.7023661828465938
1002391,0,0,0.12228426612064455
1003906,0,0,0.30121886433690626
1000907,0,0,0.20748888988133377
1006863,0,0,0.2774752371845463
1006872,0,1,0.7012319730583716
1005056,0,0,0.09520709944478244
1003328,0,1,0.6657854756373517
1003558,0,0,0.09169036131824848
1006218,0,0,0.038144135763386676
1002777,0,0,0.27157292775529585
1003891,0,0,0.34002606083773623
1000659,1,1,0.5603063185527327
1002570,0,0,0.29032891158516283
1005114,0,0,0.05147271837388724
1008679,0,1,0.542149559286396
1008610,1,1,0.7762066623050985
1008148,0,0,0.2061554102445993
1005438,0,0,0.12241060562996628
1004357,0,0,0.1775797755224534
1006064,0,0,0.05798288350323493
1008412,0,0,0.29109589531332386
1007982,0,0,0.18747266440588764
1000483,0,0,0.23447303209310383
1000584,1,1,0.894607941722864
1005631,0,0,0.3509751750961204
1007925,0,0,0.1228474336265097
1000014,0,1,0.5723848167018971
1009490,0,0,0.1121554508502043
1002986,0,0,0.07910774817917843
1000790,0,0,0.26680632274607824
1001163,0,0,0.3735725060529549
1006335,0,0,0.0929959926984394
1003004,0,0,0.06296302061586634
1005941,0,1,0.6287024212833989
1002722,0,0,0.3468707903922009
1002495,0,0,0.19583861292064508
1000348,1,1,0.7487964822770393
1007597,0,0,0.3838600660357758
1006164,1,1,0.6713317237647926
1001643,0,0,0.046526370941847424
1000004,0,1,0.5570686401073022
1002084,0,0,0.4263976722777438
1005601,0,0,0.1871265432755468
1003073,0,0,0.27364692889138725
1008974,1,1,0.7575945956978852
1009012,0,0,0.17452539252984897
1000302,0,0,0.26330307597082936
1000199,0,0,0.16798415811821468
1009705,1,1,0.7878370607026285
1001841,0,0,0.08349726788139347
1000381,0,0,0.2006873557207386
1009960,0,0,0.02167741535141569
1003944,0,0,0.22731133848015145
1002799,0,0,0.1158076118140563
1008588,1,1,0.9237301681014873
1009023,1,1,0.818658373780461
1007313,1,1,0.7426497851970826
1009435,0,0,0.17632583739491645
1008442,0,0,0.22526280680005253
1009624,0,0,0.17555779417991546
1006131,0,0,0.2147243686942594
1008751,0,1,0.5564428500120843
1003715,0,0,0.40339285709198003
1005203,0,0,0.4917563695027706
1000682,0,0,0.2626837167466304
1001009,0,1,0.650483158654575
1009183,1,1,0.6968040547984563
1007604,0,0,0.2264075462822848
1006731,0,0,0.3335326781015309
1004696,0,0,0.07396340537768481
1006596,0,0,0.07068339263984309
1004194,1,1,0.6965594062205643
1001269,0,1,0.5511841473980026
1007547,0,0,0.11880386820566713
1006364,0,0,0.27764563544545473
1002634,0,0,0.14511396934130097
1005734,0,0,0.2761543941781874
1009308,0,0,0.05486054672079118
1005207,0,0,0.21870894493827803
1003272,0,0,0.07572115342097427
1004216,0,0,0.4737218589389395
1008837,0,0,0.2248400822654328
1000511,0,1,0.5771369868219818
1004866,0,0,0.1928306224589403
1009286,0,0,0.2821219261522914
1001186,1,1,0.7633673366821593
1005150,0,0,0.25293463165212965
1002334,0,0,0.4826090371971961
1000590,0,1,0.7835798235528657
1008108,0,0,0.11309477299197973
1004594,0,0,0.20154822150001214
1006919,0,0,0.2633512019735524
1002740,0,1,0.6031418259384295
1001001,0,0,0.4976351153676172
1001511,0,0,0.13373507508970234
1008742,0,0,0.25273697228810016
1004547,0,0,0.1473040285651504
1002911,0,0,0.27239684094314165
1003108,0,0,0.4772673053253201
1004141,0,1,0.7301205492474118
1004941,0,0,0.02621697659641736
1009651,0,0,0.06066382716380847
1005627,0,0,0.2041479639627806
1004163,0,0,0.1447932955986246
1003485,0,0,0.19760380787114842
1006282,0,0,0.22919935260112498
1006024,1,1,0.7129764747085072
1008027,0,1,0.5079367693042491
1000527,0,0,0.03215424258576184
1004165,0,0,0.3081751267464271
1002417,0,0,0.11795672779682406
1001418,0,0,0.06629059544458828
1001475,0,0,0.15115716540375604
1001515,0,0,0.023118734099718482
1007951,0,0,0.32262489906796277
1004102,0,0,0.06789304367291087
1004801,1,1,0.7300086591788206
1004288,0,0,0.12453019616656115
1005834,1,1,0.8679006474740146
1005097,0,1,0.6055864791530855
1004378,0,0,0.24441316715417397
1006496,0,1,0.5544257810825942
1004982,0,0,0.038338057948138854
1008013,0,0,0.018161416257595278
1006126,0,0,0.36428047808736397
1001457,0,0,0.20097123222257005
1007698,0,1,0.6755057956895946
1002245,1,1,0.8402149212446229
1002729,1,1,0.8649572660426516
1000501,1,1,0.8275855767185016
1004669,0,1,0.5859870454579011
1007830,0,0,0.2529272671755643
1004680,0,0,0.08055670826499611
1007852,1,1,0.7118534068644843
1008705,0,0,0.3459088723195254
1005665,0,0,0.023280406054682665
1006410,0,0,0.25940050716366964
1006762,0,0,0.049926050187943855
1000938,1,1,0.8960093435186098
1000703,0,0,0.06803807118011679
1001498,0,0,0.3247090880846417
1001200,0,0,0.23625774193697716
1008262,0,1,0.577252093411603
1005874,0,0,0.16176307988934635
1004991,0,1,0.5442498518568681
1008958,0,0,0.2097586166680338
1001920,0,0,0.24585020137022096
1008354,0,0,0.16190632177410244
1002161,1,1,0.5534255798388631
1007410,0,0,0.11331778929705784
1001751,0,0,0.2327393680095591
1007841,0,0,0.45508646224675037
1007229,0,1,0.5596534436626066
1002822,0,0,0.15140736657917192
1005466,0,0,0.0694600687509351
1007014,0,0,0.1827523154784442
1001341,0,1,0.5918212924120302
1007261,0,0,0.2449985270259694
1004700,1,1,0.5489778779213607
1000224,0,1,0.5868160287561988
1007776,0,0,0.14334333482179942
1002126,0,0,0.2553438325959616
1004414,0,0,0.1415026012303559
1007066,0,0,0.18363847445462994
1004396,0,0,0.24215071607203412
1007291,0,0,0.2097254984116368
1007457,0,0,0.2201622166523657
1001988,0,0,0.19599573571745396
1001251,0,0,0.09815154350495177
1009540,0,0,0.2520190944160234
1005253,0,1,0.8015285457873866
1006244,0,0,0.04557429733835782
1002903,0,0,0.15584440645446174
1009591,0,0,0.07621473822404215
1002808,0,0,0.08986436032781601
1002268,0,0,0.14373809361007842
1000710,0,0,0.16640264299328014
1007552,0,0,0.2603893053939798
1005865,0,0,0.21655270486496406
1006375,0,0,0.0739333452002861
1009743,0,0,0.38369861342861994
1002948,0,1,0.638386062069986
1009257,0,0,0.07316377428414429
1001069,1,1,0.7152955667504747
1006509,0,1,0.6863496029858365
1003137,0,0,0.1288171358952363
1000171,0,0,0.0693338273923762
1002041,1,1,0.8906392576650449
1005297,0,0,0.06590122074821038
1008954,0,0,0.07052438135228567
1008720,0,0,0.169051372149346
1001793,0,0,0.25291354648939945
1006095,0,0,0.2025369978711255
1009241,1,1,0.597459524425992
1008309,0,0,0.1801555563555494
1004227,1,1,0.8461415623266901
1008448,0,0,0.208022353741206
1001823,0,0,0.49367123924886325
1007684,0,0,0.1673415435975528
1000968,0,0,0.17368739660938284
1007294,0,0,0.19530835415760822
1004612,0,0,0.27304875822159463
1007323,0,0,0.1822793967088713
1008294,1,0,0.47933014730331985
1009616,0,0,0.23959231054232674
1003149,1,1,0.8383425224332332
1004912,0,0,0.28557223051936137
1008515,0,0,0.1053273150073059
1008270,0,0,0.13767786563298437
1005726,0,0,0.017657002723183674
1008973,1,0,0.4916854356914769
1001203,1,1,0.504163169057508
1002824,0,0,0.43771867846728935
1007396,0,0,0.02821268732114175
1002946,1,1,0.69833345468518
1001092,0,0,0.0788943306413492
1005364,0,0,0.40109890079300686
1002001,0,0,0.2985842947931895
1002773,0,0,0.08222369488131476
1000864,1,1,0.5802059569208339
1004258,0,0,0.06777438726116781
1000493,0,0,0.235515365968706
1001336,0,0,0.08768096936384263
1005652,1,1,0.7805151301887338
1007214,0,0,0.11378839065326195
1000895,0,0,0.4989126372672134
1005008,1,1,0.6447915032635592
1000509,0,0,0.24660835360638209
1000393,1,1,0.9107647506677242
1008660,0,1,0.6724553420531547
1004154,0,0,0.12391065822338623
1009519,1,1,0.5169174138785676
1005645,0,1,0.6537806568424982
1004393,1,1,0.9194726222130154
1001775,0,1,0.6217734190531613
1006312,0,0,0.2974192335540273
1001759,0,0,0.23542684528996857
1007703,0,0,0.28777923589542326
1006554,0,0,0.16566868057209716
1000812,0,0,0.09952581840827686
1001265,0,0,0.4579324609171961
1002839,0,0,0.19110949803269545
1004317,0,0,0.3386582897256922
1005900,1,1,0.7563590824340357
1005333,0,0,0.3802640933031631
1009787,0,0,0.02446056945157584
1008237,0,0,0.4299601314799791
1009108,0,0,0.07538474436572143
1008077,1,1,0.6590643244683994
1000740,0,0,0.23849982467441905
1009952,0,0,0.2681751897941221
1001917,0,0,0.10344404115488529
1002056,0,0,0.21141270704295406
1006560,0,0,0.06434720249285526
1008018,0,0,0.018028784627883414
1008769,0,0,0.2834863884460182
1008638,0,0,0.1941119103503151
1007301,0,0,0.26302910036076743
1005166,1,1,0.786733881619806
1002465,0,0,0.3480655365651461
1008510,0,1,0.5566324612860251
1000144,0,1,0.5885567647703834
1005151,1,1,0.841510299486655
1004824,1,1,0.7796937521323272
1000096,0,0,0.4577629816550769
1007893,0,0,0.26163711954847485
1004994,0,0,0.14553898503577695
1009648,1,1,0.7681855939432675
1004235,1,1,0.6839207899501194
1007362,1,1,0.7949755869532045
1007266,0,0,0.20090538507806438
1007438,0,0,0.43638742044398926
1004413,0,0,0.024228755207223427
1007090,0,0,0.22088612559550258
1003143,1,1,0.7048462032890261
1009013,1,1,0.598691969631758
1005005,0,0,0.3530181327166596
1000082,0,0,0.16668326478295473
1003264,1,1,0.8700775951033755
1003260,0,1,0.5827644460450483
1009022,0,0,0.30379993199466676
1000442,1,1,0.9100085723161114
1008960,0,0,0.48354425247564997
1007073,0,1,0.5037142327929401
1000926,0,0,0.021199317561014414
1003242,0,0,0.04029752156991748
1008789,0,0,0.14942554825293083
1005289,1,1,0.9073313829495568
1003535,0,0,0.31392228299740627
1006828,1,0,0.27283467481194124
1008345,0,1,0.5660122057764349
1008172,0,0,0.20719188813720363
1002047,0,0,0.020983052554219235
1004844,0,0,0.39896451791638377
1000457,0,0,0.07854764033147775
1001303,0,0,0.10537839382309613
1007617,0,0,0.19926868930221867
1003348,0,0,0.2641939591616583
1004189,0,0,0.27341618927937295
1004951,0,1,0.8018348232203379
1004210,0,1,0.5180869863896612
1003150,0,0,0.4846785153552164
1006472,1,1,0.9084620917858789
1004756,0,0,0.40156428584881326
1000520,0,0,0.23656474519821083
1009623,1,1,0.8819238912254337
1005732,0,0,0.2268708865812497
1008804,0,0,0.04339372319765695
1003991,0,1,0.6889901152028659
1007523,0,0,0.02092026129932748
1003689,0,0,0.3835409226254106
1007751,0,0,0.08737841145411879
1006819,0,0,0.05755417171834219
1005565,0,1,0.6371677457381367
1003173,0,0,0.30198381052580453
1004623,0,0,0.21649169989133543
1009252,0,0,0.21869622957891774
1001291,0,0,0.25628554600698117
1000286,0,0,0.0858835080038676
1000761,0,0,0.3135100842427437
1003024,0,0,0.4626985896472614
1007384,0,0,0.07262276482625753
1005086,0,0,0.025524319087965947
1009426,0,0,0.16433029149521772
1006298,0,0,0.09208877135244024
1001646,1,1,0.5838980183782876
1007205,0,1,0.7819508606936089
1007518,0,0,0.2350849802138498
1006305,0,0,0.06039099414285355
1001471,0,0,0.27068283748710387
1000993,0,0,0.026066386695433427
1000583,0,0,0.025933840771482333
1005119,0,0,0.05921940307806352
1002393,0,0,0.47485905593086786
1002079,0,0,0.4232888696864667
1003745,1,1,0.7076851246987323
1001179,0,0,0.12314492051357422
1002611,0,0,0.14010864302713666
1005329,0,0,0.23443109505328413
1002562,0,0,0.1421272598269847
1009964,0,0,0.031166309250789424
1001320,1,1,0.5862880969153487
1006656,0,0,0.4780580019716857
1004781,0,0,0.19024683108859342
1005159,0,0,0.0922048703223211
1007812,0,0,0.1210459868350648
1001547,0,0,0.371170889372452
1002285,0,0,0.44715723150070663
1003345,1,1,0.7342528429988074
1000696,1,1,0.7616418863014109
1002583,0,0,0.06584490562405665
1003117,0,0,0.2974449103422432
1002486,0,0,0.33207557865298853
1004355,0,0,0.08376433074509022
1008213,0,0,0.06054995459229786
1003804,0,0,0.1387917818300044
1002814,0,0,0.05512390259961677
1007887,1,1,0.9045833669983139
1005413,0,0,0.07929346189875702
1004465,0,0,0.26119485309768065
1007648,0,0,0.21525196172458436
1004057,1,1,0.5738834316238608
1002004,1,1,0.6734552089951006
1004084,0,0,0.25076609313213455
1000214,0,0,0.03831563704882801
1007461,0,0,0.2253741046233026
1006165,0,0,0.3759198692080845
1007046,0,0,0.4761750943469718
1000188,0,0,0.14922419305841098
1001792,1,1,0.851113859065056
1008629,0,1,0.6904231140253353
1002873,1,1,0.7488913228120243
1005003,1,1,0.9150830883720411
1004819,0,0,0.054859158556436395
1000237,0,0,0.0621752292625375
1006088,0,0,0.06621222244582611
1008402,0,0,0.0881698170501353
1007693,1,1,0.8094754285858264
1005163,0,1,0.6104908185346113
1009132,0,0,0.07644120225689825
1001522,0,0,0.2555890806886893
1001556,0,0,0.0672894616673358
1006692,1,1,0.8186721573906024
1006717,0,0,0.40713013083571514
1007324,0,0,0.48173756224307507
1002724,0,1,0.5341892394278158
1007990,1,1,0.6182006931431828
1006352,0,0,0.16989053423515285
1007756,0,0,0.10019972675966735
1001717,0,0,0.31602013455675365
1008355,0,0,0.21929432644161534
1001259,0,0,0.20903475775775643
1002264,0,0,0.14106333829772988
1002385,1,1,0.9112420410119328
1006760,1,1,0.7966366062643376
1008806,1,1,0.8411248647615674
1009246,0,0,0.12369779584859499
1000360,0,0,0.10498011928971665
1005522,0,0,0.024111805807925275
1008209,0,0,0.49314860133246563
1003289,0,0,0.26914150223409417
1004772,0,0,0.07282670370035613
1002587,0,1,0.6556042725664019
1000630,0,0,0.08872491632003007
1003589,0,1,0.5193200644387308
1008685,0,0,0.373345450258677
1007820,0,1,0.5442517524862335
1003677,0,0,0.1672123876783668
1003663,1,1,0.8596202601226445
1005324,0,0,0.25458881057528615
1007085,0,0,0.3388853649663262
1003066,1,1,0.5387107108695186
1002778,0,0,0.21856603783747172
1009121,0,0,0.0946451418691527
1009707,0,0,0.416965979993287
1007432,0,1,0.5226029394344492
1004167,0,0,0.27721068117246467
1000399,0,0,0.24794667930705075
1006996,0,0,0.21036588839785403
1004964,0,0,0.22548069795246117
1008293,0,0,0.26949109019487416
1000250,1,0,0.44016014575868645
1005307,0,0,0.47684193017738563
1000728,1,1,0.5284254607699421
1000193,0,0,0.15770596243068022
1001622,0,0,0.450887207716175
1006939,0,0,0.2626182468464434
1007821,0,0,0.35658391851197024
1005589,0,0,0.019838734449991298
1002764,0,0,0.3925054764707286
1009899,0,0,0.061342353114273
1001462,0,0,0.10923670266097518
1001489,0,0,0.07042989328201324
1002624,0,0,0.13873293032901077
1004588,0,0,0.3532902276836544
1000372,0,0,0.12127411762929949
1004986,0,0,0.26046070425717566
1007918,1,1,0.7653025194039504
1008501,0,0,0.39391529933414005
1007909,0,0,0.06449942274360866
1008126,0,0,0.21106527578747006
1007338,0,0,0.19410558073726183
1008300,1,1,0.7862899556760301
1005236,0,0,0.21211012554261588
1007675,1,1,0.822431709357271
1003027,1,1,0.7133639786398801
1000775,0,1,0.55986805303001
1009145,0,0,0.0837053482854339
1001960,1,0,0.4024568296844675
1003548,0,0,0.19874497894566429
1006351,0,0,0.40387697132364336
1004934,1,0,0.496454717906614
1002061,0,0,0.0736800591393536
1009069,1,1,0.692712108459513
1001318,0,0,0.15025798604840634
1007333,0,1,0.6698653748263559
1009456,0,0,0.3288102918277385
1005721,0,0,0.06019330401361138
1006859,0,0,0.19456532726713402
1001627,0,0,0.13290121208519354
1007849,0,0,0.21178703953276656
1004403,0,0,0.1992993736937737
1005059,0,0,0.28292784898861106
1006437,0,0,0.3563912478554538
1008975,0,1,0.6244368086913162
1009880,0,0,0.28103901727560876
1008571,0,0,0.37379528446426824
1005366,0,0,0.1908221370320254
1009694,0,0,0.4530025941832232
1000633,0,0,0.3048004578829751
1008081,0,0,0.2506166267169848
1006084,0,0,0.07715662210152267
1003839,0,0,0.32320912718629835
1002540,0,0,0.24489461904853987
1004039,1,1,0.6132955057701917
1009706,0,0,0.08412191406350362
1009761,0,1,0.585443817003713
1001211,1,1,0.6448049700797982
1006419,0,0,0.2702088061886452
1005429,0,0,0.36932807529005585
1008522,0,0,0.31463801771611666
1004479,0,0,0.06487630998267443
1009865,0,0,0.06764612421906156
1005819,0,0,0.3902422859952226
1001645,0,0,0.10611841220692923
1001746,0,0,0.32907182066932883
1007227,0,1,0.5009564688478488
1009099,0,0,0.19887617437660401
1008952,1,1,0.7770620651184373
1009015,0,1,0.6065703805229523
1006274,0,0,0.23686216970367463
1007585,0,1,0.7225730337502427
1001304,0,0,0.15050293062120448
1004278,0,0,0.4707935915658609
1009052,0,0,0.13364045225114327
1004774,0,0,0.11828333778868667
1001903,0,0,0.054071895003617816
1001383,0,0,0.0726057906326347
1002579,1,1,0.7002001326893512
1009609,1,1,0.8620994447197773
1009558,0,0,0.36955847467990294
1006794,0,0,0.37401175143579424
1006127,1,0,0.286360889912881
1001232,0,0,0.1547773963263419
1003757,0,1,0.700434874082651
1002513,0,0,0.25965495807846106
1006800,1,1,0.8363406783536964
1008186,0,0,0.24509019376324528
1007521,0,0,0.26144296235825487
1004464,1,1,0.5020073859098424
1002546,0,0,0.08064563438574526
1004390,0,0,0.45301697610884095
1008854,1,1,0.7889967059174557
1008656,1,1,0.5640675562653217
1009751,0,1,0.7832638875521795
1002072,0,1,0.7897768799351844
1009620,0,0,0.2250574837678991
1008976,0,0,0.030401884390398946
1007048,1,0,0.37921328301785767
1004365,0,0,0.10491194000196959
1006277,0,1,0.5966406506202393
1001619,0,0,0.43970543054727795
1000625,0,0,0.04693176982349521
1003028,0,0,0.08570630260205955
1008914,0,0,0.36519681462931153
1002147,0,0,0.2426561762406414
1004571,0,0,0.08826623657759064
1005442,0,0,0.07512088431446123
1002397,0,1,0.5311438908917535
1000174,0,0,0.13589404476152514
1008016,0,0,0.46666121661207616
1008736,1,1,0.8987180492727415
1003361,0,0,0.212026828090395
1003218,1,1,0.5415521004819773
1006396,0,0,0.2289227936804005
1008906,0,1,0.7126153692970766
1000699,0,0,0.26652021211663895
1005067,0,0,0.08328592731984308
1004263,0,0,0.327957041377353
1006868,0,0,0.25535639325969295
1002337,0,0,0.34485725901890313
1005034,0,0,0.3147678839703322
1008174,0,0,0.08741821602516958
1006657,0,0,0.2772875113088787
1005205,0,0,0.21204742376790306
1000969,0,0,0.07987040931094376
1001292,1,0,0.3715082319536416
1004419,0,0,0.25272380721139115
1003290,0,0,0.04900092754959517
1007047,0,0,0.20419105508234628
1003252,0,0,0.05076666668882054
1009736,0,0,0.4999975888819887
1000553,0,0,0.24968358864329077
1002202,0,0,0.4069545666095442
1003257,0,0,0.1941521933335331
1001378,0,0,0.07356122213980346
1005699,0,0,0.2783062927232198
1008034,0,0,0.30965052789607905
1008377,0,0,0.39113609029183105
1002565,0,0,0.16948118526729375
1004113,1,1,0.924159267090478
1004205,0,0,0.04844785144697952
1005390,1,1,0.8619768944126611
1007495,0,0,0.13046037976340552
1007361,0,0,0.22698691303373913
1003339,0,0,0.3603394434511353
1005718,0,0,0.4277300721458952
1005260,0,0,0.06894009643125988
1004734,0,0,0.2889610498735923
1005639,0,0,0.3140990423723672
1007600,0,0,0.19807841518230887
1007555,1,0,0.42201435728074255
1003855,0,1,0.5691957286525225
1003799,0,1,0.5922744164730946
1005957,0,0,0.282191623093804
1001565,0,0,0.04769123199394049
1004930,1,1,0.7810713807652481
1009857,0,0,0.23842690079032114
1004265,0,0,0.3969733068455272
1003487,0,0,0.21652372106631282
1002436,0,0,0.262924082133274
1007023,0,0,0.38692701237495913
1000713,0,0,0.1806951115837071
1001219,0,1,0.5298202369235485
1005464,0,0,0.20511486011197938
1007722,0,0,0.4059991539657199
1005079,0,0,0.027726155592360354
1008825,0,0,0.3787547680696172
1004825,0,1,0.62468067247164
1001076,0,0,0.09224043818653516
1001178,0,0,0.12583850725600687
1008817,0,0,0.07992302254362076
1001961,0,1,0.6629121642170951
1009961,0,1,0.5118371908926197
1009713,1,1,0.8539133023344135
1005416,1,1,0.759716322840007
1009592,0,0,0.2604786186768894
1006073,0,0,0.1866651198717865
1007463,0,0,0.4678219835755708
1001073,1,1,0.5295323808046567
1000295,0,1,0.7477773706395869
1001484,0,0,0.1451312599788271
1000300,0,0,0.35210522792582527
1006936,0,1,0.5009644368857412
1009721,1,1,0.6167063816899613
1004358,0,0,0.02671128066591058
1009543,0,0,0.2463856071424575
1003297,0,1,0.7517882058847505
1009248,0,0,0.3953923556269023
1006799,0,0,0.20761489559530477
1004722,0,0,0.061295775366843074
1003726,0,0,0.06695845610790382
1008536,0,0,0.3439374077975276
1007256,0,0,0.07099550724339035
1008353,1,1,0.9055439693359908
1003273,0,0,0.24452042649115618
1009805,1,1,0.7231935906735872
1006831,0,0,0.06912786537772665
1006079,0,0,0.2909859533727793
1008622,1,0,0.37871473291817126
1006199,0,0,0.41217874280187894
1008007,0,0,0.1892655209870234
1001345,0,0,0.305185548242577
1006742,0,0,0.17646437521012376
1006268,0,0,0.27042714965951165
1002676,0,1,0.6007057939072208
1000333,0,0,0.12993580156151835
1000397,0,0,0.16652154229977606
1005613,0,0,0.2010758919787719
